2.393528606835599130e+32
2.331753019224484890e+32
2.291369561803228584e+32
2.192513346459716315e+32
2.082831945774016651e+32
1.925045623957379159e+32
1.544073830097524753e+32
1.383301523936004596e+32
1.189873487378441727e+32
9.974881752567878139e+31
8.336467978683670786e+31
7.017682951579410412e+31
5.912663487862596110e+31
4.968771882341262597e+31
4.120414638398836556e+31
3.360188510274849674e+31
2.681165822906252978e+31
2.138308911680160489e+31
1.738868361401039383e+31
1.450946105300239479e+31
1.286308293826134394e+31
1.341975727662920992e+31
1.465267414355912099e+31
1.640690312423840951e+31
1.879728090718386318e+31
2.168889285272332073e+31
2.470248660279400217e+31
2.881063688160588617e+31
3.543113569508497581e+31
3.871300703485115748e+31
4.138887223588099162e+31
4.420710595323031112e+31
4.621440771038929630e+31
5.005354998426218538e+31
5.482760405185312994e+31
5.937616070509701012e+31
6.425242933539958145e+31
7.026706177166823623e+31
7.453060582292773124e+31
7.755912964080799214e+31
7.933620863496551868e+31
7.980980672909744784e+31
8.035864719459064842e+31
8.045992321649211515e+31
8.317014520065008106e+31
8.796920278575663688e+31
9.449428753689887277e+31
1.013956947104931219e+32
1.092206177526469280e+32
1.145373377295048911e+32
1.220849922223406606e+32
nan
1.216922454940762936e+32
1.236703759864493457e+32
1.092968893692688135e+32
1.272872652227619030e+32
1.349254215632238142e+32
1.442221477123296995e+32
1.647043192162263225e+32
1.726876039527309379e+32
1.774799242696207898e+32
1.749006395297194641e+32
1.725945491555890384e+32
1.652011592084457932e+32
1.630189344009483332e+32
1.606581810271001256e+32
1.617315396887277940e+32
1.659358226203252070e+32
1.823649343623120975e+32
1.977660840090920319e+32
2.090416701152797861e+32
2.196644298243477474e+32
2.182037123887831406e+32
2.171929023932228202e+32
2.194025910607032729e+32
2.178860220256722475e+32
2.219922187384193111e+32
2.047578383996860599e+32
2.127036008316737924e+32
2.204015194716190182e+32
2.274112932199517263e+32
2.302859876188356266e+32
2.269453996344231815e+32
2.249114963504894013e+32
2.218504911106105421e+32
2.139634907578829354e+32
