-4.191735683710154295e+08 -1.914659535315767825e+08
-4.144967001682931781e+08 -1.909077187048612535e+08
-4.098361234470368028e+08 -1.905495636410754025e+08
-4.051624196673059464e+08 -1.900343207568196654e+08
-4.003175298191263676e+08 -1.896881712494991720e+08
-3.954519037251458168e+08 -1.891595754995864928e+08
-3.906095788466436863e+08 -1.887574599069073796e+08
-3.857433284543906450e+08 -1.884055007568045557e+08
-3.808867926186380386e+08 -1.878666731752013266e+08
-3.709477681233393550e+08 -1.871371544486787617e+08
-3.658596108496501446e+08 -1.867590198997006416e+08
-3.609799152175738215e+08 -1.864254375477719307e+08
-3.557308051158223748e+08 -1.858753357827479541e+08
-3.506441406010408998e+08 -1.855082279722920954e+08
-3.454074098092042804e+08 -1.853093564955400229e+08
-3.401551753042244315e+08 -1.849351156010878086e+08
-3.351085519286219478e+08 -1.844045826447164714e+08
-3.244503968266614079e+08 -1.835320546342298388e+08
-3.190342631305412054e+08 -1.831616086381694376e+08
-3.137975884410747290e+08 -1.829867462117619514e+08
-3.084042102781249285e+08 -1.824439140485759974e+08
-3.029861132726711631e+08 -1.820844751607682109e+08
-2.975813087237868905e+08 -1.817266946251187921e+08
-2.920042697454597354e+08 -1.813911596324346662e+08
-2.866202351593073606e+08 -1.810151999986802638e+08
-2.812229472503718138e+08 -1.808293255024523437e+08
-2.754458687382698655e+08 -1.804731471441120803e+08
-2.698944327886851430e+08 -1.799550989973168373e+08
-2.644852633341109455e+08 -1.797466937409284413e+08
-2.587193171284908950e+08 -1.795843819993971288e+08
-2.531218963155571520e+08 -1.792238517566791773e+08
-2.473294841075359285e+08 -1.790458198121908903e+08
-2.417281508993384242e+08 -1.788325836722673476e+08
-2.359576861372095644e+08 -1.784588506451114118e+08
-2.301582393439128995e+08 -1.783139159730794132e+08
-2.243710828627417088e+08 -1.781018977572306395e+08
-2.187571948719252348e+08 -1.777724652948242128e+08
-2.128080845606156290e+08 -1.775661971737999022e+08
-2.068607596244459152e+08 -1.773933986893211603e+08
-2.012353184933397174e+08 -1.770475106752570570e+08
-1.952644233820652962e+08 -1.768589015360864103e+08
-1.894963753180476427e+08 -1.764901438551570773e+08
-1.835342491690765321e+08 -1.763462385981627703e+08
-1.775820729193688035e+08 -1.761492502156368196e+08
-1.716322714569701850e+08 -1.759500370907941759e+08
-1.656529889447302520e+08 -1.756247017804386318e+08
-1.597073226349309087e+08 -1.754377984826894403e+08
-1.537553996776971817e+08 -1.752683180584937334e+08
-1.476526804646483362e+08 -1.750747462814150453e+08
-1.417081358103736639e+08 -1.750705202804256976e+08
-1.357602515537706614e+08 -1.747329959676476419e+08
-1.296207626188113093e+08 -1.747173179273876846e+08
-1.233258977938303202e+08 -1.745296844106224179e+08
-1.170285423796631247e+08 -1.745511843624221087e+08
-1.105300747193055153e+08 -1.743791921994184554e+08
-1.043814860729578584e+08 -1.741718725968251824e+08
-9.804906734598781168e+07 -1.741832524348301291e+08
-9.174590253859557211e+07 -1.739711168435521424e+08
-8.524346004496116936e+07 -1.739793084016454220e+08
-7.893081217129817605e+07 -1.737849149436136782e+08
-7.258572255611376464e+07 -1.736178751898158491e+08
-6.626042426853572577e+07 -1.735914089209401309e+08
-5.975851347029061615e+07 -1.732581978309645057e+08
-5.343886891471110284e+07 -1.732556268730885684e+08
-4.713477386347994953e+07 -1.730795349124406278e+08
-4.060679683462419361e+07 -1.728748994985091984e+08
-3.430239379825266451e+07 -1.729045447046385407e+08
-2.781141432823325694e+07 -1.727296239978692532e+08
-2.128661720701874793e+07 -1.727141921849397421e+08
-1.496081561120714806e+07 -1.723889032110171914e+08
-8.631562982172479853e+06 -1.722313566417510509e+08
-2.140949259138087276e+06 -1.723770795940447152e+08
4.360321063744827174e+06 -1.723900443545949757e+08
1.066553515470076911e+07 -1.723932373513182998e+08
1.699331636727648973e+07 -1.725638612854714692e+08
2.347924111852983758e+07 -1.725714294030294716e+08
2.997529757535357401e+07 -1.727606117294474840e+08
3.628889835685235262e+07 -1.727489977735330164e+08
4.279058439095345885e+07 -1.729354967619771361e+08
4.910498935968016833e+07 -1.729242955962798595e+08
5.559964566512955725e+07 -1.731152440611399412e+08
6.192503985300029069e+07 -1.731095658671271503e+08
6.824340480257855356e+07 -1.732789770561488569e+08
7.475266648256160319e+07 -1.734731649133330286e+08
8.104134784754341841e+07 -1.734462304718430936e+08
8.736047913926552236e+07 -1.736469328228435516e+08
9.368003394393078983e+07 -1.736440011058899164e+08
1.000015775567969084e+08 -1.738136608894086182e+08
1.063256997003954053e+08 -1.740079078535245657e+08
1.126455809983190894e+08 -1.738390580564323664e+08
1.189933063369091302e+08 -1.739932425620456934e+08
1.253343538683998287e+08 -1.740336077010192871e+08
1.312907698667150736e+08 -1.741999102853429317e+08
1.374523525452713668e+08 -1.743718014832589328e+08
1.434475777163454294e+08 -1.743747053858765662e+08
1.495791628595666587e+08 -1.745777045417098403e+08
1.553741781241842508e+08 -1.747391488133426011e+08
1.615318561385101974e+08 -1.749132601550046802e+08
1.674737826125462055e+08 -1.749449978093003333e+08
1.734401247497141361e+08 -1.751148511909053326e+08
1.791987163138403594e+08 -1.753253073201824129e+08
1.851746880916733444e+08 -1.756831872003121972e+08
1.911266632113221884e+08 -1.758379904075746238e+08
1.969037660262837112e+08 -1.760168906790618598e+08
2.028544527370965779e+08 -1.763860140784759223e+08
2.087982363824575245e+08 -1.765614123018062115e+08
2.145559283828649223e+08 -1.767361936891762018e+08
2.203394158108251691e+08 -1.770716019795895815e+08
2.262969370895175040e+08 -1.772686631811314225e+08
2.318888433279190958e+08 -1.774462752594219148e+08
2.376664071843993962e+08 -1.778121765218417943e+08
2.432491703729303479e+08 -1.779883862558106184e+08
2.490319059004857838e+08 -1.781760413835166991e+08
2.602268240582028329e+08 -1.787120567397540808e+08
2.660436512646933794e+08 -1.789003321567998230e+08
2.716630416509088874e+08 -1.790825446093350649e+08
2.771057583485968709e+08 -1.794645621976864636e+08
2.825456457091293335e+08 -1.796518464851352870e+08
2.881667353862017989e+08 -1.800168739445888698e+08
2.937784091024558544e+08 -1.803530487476633787e+08
2.992172893395208716e+08 -1.807385688248038292e+08
3.046550209175636172e+08 -1.811021493247263432e+08
3.100702486913526654e+08 -1.812747880305406749e+08
3.153010097569159865e+08 -1.818015396512212455e+08
3.207208427537587285e+08 -1.821844748372807801e+08
3.259477867696126103e+08 -1.823641634096494317e+08
3.311885462494453192e+08 -1.829283594228045642e+08
3.365879739389084578e+08 -1.832611616376575232e+08
3.418416254661045074e+08 -1.838021049620322883e+08
3.468574494715867639e+08 -1.841406345340030193e+08
3.520666043782809377e+08 -1.843350453595894873e+08
3.572763351031048894e+08 -1.848589006215884686e+08
3.623346783277977109e+08 -1.852307694734378457e+08
3.671925562007446885e+08 -1.855940009103421867e+08
3.724144621877602935e+08 -1.861336338429484665e+08
3.773018220803727508e+08 -1.863044647230141759e+08
3.821709701119752526e+08 -1.868612053348723352e+08
3.870688807171162963e+08 -1.872350620469594896e+08
3.919638462082709074e+08 -1.875790928042395413e+08
3.968569765478304029e+08 -1.881432445228031278e+08
4.015971246867772341e+08 -1.884929087563221455e+08
4.065208155811195970e+08 -1.890345483103900254e+08
4.110877677116968632e+08 -1.892321973980676532e+08
4.158053629622378349e+08 -1.896097117472474575e+08
4.203345584916687012e+08 -1.903187927482569814e+08
4.250470297261039019e+08 -1.908613106482210755e+08
4.295622198870312572e+08 -1.912538014946477711e+08
4.342804143911436796e+08 -1.917708242925481498e+08
4.385980977083336115e+08 -1.921632911123116016e+08
4.431249927705334425e+08 -1.926930759947465062e+08
4.474429579951246381e+08 -1.933999343724332154e+08
4.517675827567681670e+08 -1.939363712462823391e+08
4.560824578273631930e+08 -1.942963140399048328e+08
4.603872665626292825e+08 -1.948343256272361279e+08
4.646970571811686754e+08 -1.955509652781244814e+08
4.686481279808501005e+08 -1.958917820128655434e+08
4.729532441016576886e+08 -1.964337732701620162e+08
4.769005577383720279e+08 -1.969777494288363159e+08
4.808892345172165036e+08 -1.975254137280929983e+08
4.850337051909083128e+08 -1.980677736819574535e+08
4.890020666723303795e+08 -1.986072376059463322e+08
4.928389406820200682e+08 -1.989861699900709391e+08
4.968390916203787923e+08 -1.997294145302605629e+08
5.004874356052228212e+08 -2.002716205277735293e+08
5.043218068994594812e+08 -2.006194401856167912e+08
5.079633003390448093e+08 -2.013647548628409505e+08
5.117858144216687083e+08 -2.019139126682896316e+08
5.152642822662322521e+08 -2.024679735668565929e+08
5.189175618783780336e+08 -2.030164135443972647e+08
5.223844557413435578e+08 -2.035652421829666495e+08
5.258181813727076650e+08 -2.042610455833422542e+08
5.292625797672919631e+08 -2.049863634510590434e+08
5.326970968255982995e+08 -2.055349245171279907e+08
5.359560798234564066e+08 -2.062528337266307771e+08
5.391738830867509842e+08 -2.066227542405727804e+08
5.426077736631345749e+08 -2.073280630781179667e+08
5.456302667767949104e+08 -2.080514463350920081e+08
5.486780505575679541e+08 -2.085808726596845686e+08
5.517250425154569149e+08 -2.093169339299052358e+08
5.547819804701429605e+08 -2.098515445358243585e+08
5.576368851020735502e+08 -2.105682455755193830e+08
5.635604935672169924e+08 -2.118486540768322051e+08
5.662514803875595331e+08 -2.125572727921934426e+08
5.718985469536415339e+08 -2.136475526234129667e+08
5.744432731362489462e+08 -2.143793426815772057e+08
5.768461643803945780e+08 -2.151047896973996162e+08
5.794371429187959433e+08 -2.156532173448437154e+08
5.820086769637020826e+08 -2.163754477479435503e+08
5.844004926073065996e+08 -2.171122766991221607e+08
5.868039899220826626e+08 -2.178255186161805093e+08
5.889882380222015381e+08 -2.182088841623678803e+08
5.913534093218990564e+08 -2.189333941392975450e+08
5.933528305802878141e+08 -2.196729796757009625e+08
5.955346710037653446e+08 -2.203927424377612174e+08
5.977129341826877594e+08 -2.211250651621618867e+08
5.998639970803524256e+08 -2.218486957156133950e+08
6.016617182958537340e+08 -2.225701109097611606e+08
6.036094990785012245e+08 -2.232733371842973232e+08
6.055846291253356934e+08 -2.238095598732438982e+08
6.073657635707627535e+08 -2.245355352055250406e+08
6.091582595906354189e+08 -2.252516825229714513e+08
6.107288652855677605e+08 -2.259717236496372819e+08
6.123098854533014297e+08 -2.266806074511465132e+08
6.137599123434107304e+08 -2.274038170087073743e+08
6.153767006296541691e+08 -2.281281975216943622e+08
6.168057251080551147e+08 -2.288542042392178178e+08
6.182585274679441452e+08 -2.295848146573763788e+08
6.197234830684492588e+08 -2.302932039425291419e+08
6.208400430917183161e+08 -2.310392365348547697e+08
6.221519305348619223e+08 -2.317555447757564783e+08
