4.190200785572843254e+07 -1.956154769265649319e+08
4.870738876427274942e+07 -1.954389473734177053e+08
5.553640017956021428e+07 -1.952527373657934666e+08
6.221389909859915078e+07 -1.952626151385250986e+08
6.902687460491871834e+07 -1.950838138384831250e+08
7.567127477440370619e+07 -1.949045319171135724e+08
8.910226234650553763e+07 -1.945802984079353511e+08
9.591819430371977389e+07 -1.943831920434923470e+08
1.026557823022034168e+08 -1.943520392301124632e+08
1.092782871690044999e+08 -1.942255143834382594e+08
1.160380071100238562e+08 -1.940844807660235763e+08
1.226797572350670397e+08 -1.939169174201166928e+08
1.293095162722224146e+08 -1.937362880632430613e+08
1.357489154280844629e+08 -1.935352299875591695e+08
1.422303586573636532e+08 -1.933545268446280360e+08
1.488410256570295393e+08 -1.933533839475236237e+08
1.552791764710194170e+08 -1.931535919112423360e+08
1.615751438034129739e+08 -1.929856159830926955e+08
1.680387133544806242e+08 -1.928122179352223277e+08
1.745054951263332367e+08 -1.926067227343610525e+08
1.809683184987804592e+08 -1.924241568543539345e+08
1.936854801703014076e+08 -1.918869281608384252e+08
2.001306360951631665e+08 -1.917029769064811468e+08
2.064044465273698568e+08 -1.915209838191741705e+08
2.125434991509688199e+08 -1.911981645705935359e+08
2.189850813786739111e+08 -1.909848518224668503e+08
2.252492373609601259e+08 -1.904435043997446299e+08
2.315329282445578277e+08 -1.902595986880861223e+08
2.440353721760289669e+08 -1.895458446944743097e+08
2.501355113541356623e+08 -1.893456453237752616e+08
2.562754310881319046e+08 -1.887958110482548475e+08
2.624935331958083510e+08 -1.886863488905800879e+08
2.683665889776383340e+08 -1.881814871434565187e+08
2.746103979403659701e+08 -1.880053856758322418e+08
2.805048758542677164e+08 -1.876480564088607132e+08
2.865621040141435862e+08 -1.872856312230399847e+08
2.926352170799990892e+08 -1.868950519198921919e+08
2.986953006935243607e+08 -1.866954692536494136e+08
3.045747551336725950e+08 -1.862928702200337946e+08
3.104838596201340556e+08 -1.859466650212046206e+08
3.162185922894554138e+08 -1.855751942427070737e+08
3.221025023877787590e+08 -1.852033748230854273e+08
3.278116741680842042e+08 -1.848205990864067078e+08
3.337393471216623783e+08 -1.844625082755720615e+08
3.451684761414073110e+08 -1.835532214395196438e+08
3.509141007794774771e+08 -1.831934937865982652e+08
3.566479872410889268e+08 -1.826353171165943146e+08
3.619912809915708899e+08 -1.822755927541198432e+08
3.677144870785880685e+08 -1.817233673668457270e+08
3.730810169366333485e+08 -1.811899522574133575e+08
3.843498003033952713e+08 -1.800847724060535133e+08
3.896612813199731112e+08 -1.796984333067818582e+08
3.950223243004710674e+08 -1.792000127421863377e+08
4.002917879394122362e+08 -1.787090753579083085e+08
4.056086775553525686e+08 -1.781594970613293946e+08
4.109223026680812836e+08 -1.776315181447496116e+08
4.160638840706034899e+08 -1.772651623039734364e+08
4.213768414561093450e+08 -1.767158159999611080e+08
4.316735956451144218e+08 -1.755833593366990089e+08
4.366311777043302655e+08 -1.752122425378075838e+08
4.417931760845658183e+08 -1.746450459017452300e+08
4.465909325558646917e+08 -1.740873171247179508e+08
4.517741783114321232e+08 -1.735625058751740754e+08
4.565658184865613580e+08 -1.728312537633251250e+08
4.613857969777820110e+08 -1.724602499073569477e+08
4.661804354911097288e+08 -1.719160964015024602e+08
4.709993039323279858e+08 -1.713821605047910213e+08
4.756630492597063780e+08 -1.706341832068582177e+08
4.849069204248810410e+08 -1.695462166754149795e+08
4.893835350746985078e+08 -1.688087560065174997e+08
4.939579460949671865e+08 -1.682528164947071075e+08
5.028418841806865335e+08 -1.667675725297026932e+08
5.072331609625864029e+08 -1.662068770742381811e+08
5.158398879982862473e+08 -1.650658232943323255e+08
5.200492599882186055e+08 -1.643615127148399651e+08
5.242480148868044615e+08 -1.636106142745093703e+08
5.284471794396392703e+08 -1.628801532999325395e+08
5.324723796654431820e+08 -1.623089925282413661e+08
5.362960144135580063e+08 -1.615759578492208719e+08
5.404994402365609407e+08 -1.610272720876064897e+08
5.443867405328638554e+08 -1.602771145181094110e+08
5.482388467117902040e+08 -1.597311508091494143e+08
5.519475779552369118e+08 -1.589928740745199919e+08
5.556303096485829353e+08 -1.584501610140179396e+08
5.595307937255176306e+08 -1.577242859584775865e+08
5.630581986858164072e+08 -1.569757405961890221e+08
