0.000000000000000000e+00
0.000000000000000000e+00
7.983902213215791931e+28
6.272681053176892436e+28
1.184240876552798988e+29
4.937334529725812489e+29
7.748509301504759794e+29
1.193718275359560487e+30
1.718223541074636091e+30
2.189664022058051399e+30
2.547594779110926150e+30
2.727616584155171648e+30
2.840789009493505195e+30
3.024644358962820246e+30
3.375816112008888453e+30
3.258655119280541005e+30
3.407488001011240143e+30
3.576425428588086214e+30
3.041514850458976541e+30
3.016438143384406578e+30
3.072376425397600481e+30
2.855630189895441211e+30
2.846845368715794281e+30
2.624417364518438815e+30
2.345895850834556668e+30
