1.604669839309172526e+30
1.408187158244193263e+30
1.260957776034705583e+30
1.172366144928909695e+30
nan
1.084304650071647040e+30
1.069627546890174175e+30
1.029524870171426149e+30
1.032423133102774578e+30
1.009400507168342361e+30
1.074131999637627802e+30
1.329636413128763206e+30
1.875301601627619068e+30
2.676807276107173331e+30
3.942265982081652125e+30
5.704958015310866210e+30
8.224044221539744627e+30
1.130591975608620176e+31
1.553319416390933366e+31
2.088305147626471290e+31
2.651207747205168875e+31
3.299374935315792622e+31
4.185449337026722455e+31
5.027660307817905851e+31
6.025646135760957618e+31
7.169513295959437670e+31
8.625095669081165651e+31
1.014847945224739790e+32
1.162583475863063651e+32
1.288071451427472565e+32
nan
1.519680955705908610e+32
1.590392926693409540e+32
1.618348163038379450e+32
1.643725803031205434e+32
1.677859288132959214e+32
1.730894635831569547e+32
1.790986939206077572e+32
1.849973639149420918e+32
1.922352117651620059e+32
1.958249426202569515e+32
nan
nan
1.887113407971074387e+32
1.820167559226329237e+32
1.736794888184663441e+32
1.632884829780603585e+32
1.553090280070818324e+32
1.493193952586355689e+32
1.421911460015098147e+32
1.372311067956488498e+32
1.248701475620034255e+32
1.154402115385471746e+32
1.052259197572458091e+32
9.145368811479527444e+31
8.066327139409638862e+31
6.973770249714791464e+31
6.048835668554213680e+31
5.205331108868209900e+31
4.586176189777962990e+31
4.025019951446342867e+31
3.645350129146574540e+31
3.320431813365717801e+31
nan
nan
2.578133358489872724e+31
2.431602122407223676e+31
2.325168239123767143e+31
