1.522781909831647476e+30
1.910406175665827490e+30
2.045980658357185682e+30
2.161557445086065913e+30
2.384841086095884785e+30
3.467267633050467580e+30
5.253324263045114734e+30
6.587718440486164409e+30
9.681956408268737748e+30
1.140855207706146126e+31
1.220473153286248841e+31
1.222054639762792200e+31
1.266520802453914644e+31
1.272780212055479428e+31
1.278239070628425361e+31
1.334061326097426607e+31
1.618468479620745862e+31
1.645258133708609359e+31
1.770612981051160145e+31
1.845687761651761128e+31
1.904392967860148413e+31
1.921090695715494220e+31
1.968386402710568013e+31
1.999261741660170431e+31
2.042960158717061154e+31
2.178131585832011887e+31
2.402636115323181965e+31
2.416867302948666013e+31
2.426373436182177642e+31
2.455421529721219933e+31
2.469854320646215420e+31
2.529399356601639392e+31
2.535433456845753716e+31
2.572833746358489910e+31
2.650867916860269135e+31
2.677569625511713254e+31
