nan
3.441856967073139351e+29
2.409366935971812088e+29
1.735460573336342107e+29
1.341755570599424384e+29
1.178946500933108964e+29
1.306253446474710121e+29
1.833195076813670935e+29
2.911771545539202026e+29
4.569339438738215715e+29
6.864541139414233831e+29
9.483691443852114498e+29
1.297879988559292186e+30
nan
2.218675499906861675e+30
2.912204244178372484e+30
3.747926780785208869e+30
4.845799894960238527e+30
5.964267896434138143e+30
7.224240709794216239e+30
nan
9.565621677308134303e+30
1.064631313180941806e+31
1.190462845961181954e+31
1.474491583851312241e+31
1.677229159548117038e+31
1.871342522144540513e+31
2.126874736120404803e+31
2.301626925913765659e+31
2.468891106552220157e+31
2.661048964018518982e+31
2.647109820690860562e+31
2.671817765683327379e+31
2.672813146699341807e+31
2.655272868187179029e+31
2.717820220635557557e+31
2.709705260004353444e+31
2.821336076209621824e+31
2.855952727847005966e+31
2.902172222854494732e+31
2.975440106880326377e+31
2.931222202292556913e+31
2.761184122235205227e+31
2.647936191828659888e+31
2.465523946373075829e+31
2.283780043298845304e+31
2.135780384304517381e+31
1.927039360990609838e+31
1.781739702976729135e+31
1.645278741260037798e+31
1.465518304532435680e+31
1.349893188786492816e+31
1.192950534908738905e+31
1.038753528289193485e+31
9.122650816537198454e+30
8.003489332401864148e+30
7.016071652881206973e+30
nan
4.969081402661990066e+30
4.216010968821458542e+30
3.691870577350116018e+30
3.223602873214726567e+30
2.702191122562022431e+30
2.364432543884308357e+30
2.040102462418943653e+30
1.693203106797170199e+30
1.380721426698054392e+30
1.189709412125125387e+30
8.026774935848659236e+29
6.114590047101872020e+29
4.977940886984399617e+29
4.325577497563153242e+29
nan
3.000236733493624773e+29
2.487715451690814589e+29
2.297210046727657368e+29
2.231545134016551276e+29
nan
2.143107921456008231e+29
2.161764789811109224e+29
2.173988085822406589e+29
2.345236624804706441e+29
2.877999708027357618e+29
3.274870485416197852e+29
4.002348788132948741e+29
4.586370602644519126e+29
5.259845605723201684e+29
5.669132708719903630e+29
6.056595648231063149e+29
6.210865573782651402e+29
nan
6.771895615310128931e+29
7.116399417681317197e+29
7.545137389736857513e+29
7.835860245062365139e+29
8.425886190206544495e+29
8.788955829104042617e+29
8.910367297614891750e+29
9.191601256222662211e+29
9.242013421190611260e+29
9.350603441998115125e+29
9.237143562841724729e+29
9.110739957780691213e+29
8.963170967172346195e+29
nan
8.604263564931203842e+29
nan
9.346869239158503188e+29
9.624381028052912527e+29
1.000025852512143782e+30
1.034252782694734987e+30
1.006017133621518190e+30
9.718244510012187432e+29
9.907686019601993418e+29
9.349654899369211865e+29
9.537405685435589129e+29
9.351254918810724872e+29
9.215226244036544570e+29
9.140754975184921769e+29
9.250200160352645276e+29
8.868002116298187108e+29
8.051058403220051235e+29
8.204133730175191260e+29
7.908032423945564773e+29
7.337513080335411414e+29
7.149600357987322802e+29
6.789824647612343856e+29
6.709413138737400258e+29
6.443858457153869836e+29
5.820616988055708494e+29
5.204577052734200449e+29
5.997058592853975418e+29
5.866617550110334897e+29
5.756122284565672016e+29
6.125422024905162221e+29
5.116754247909996075e+29
5.500499877156174879e+29
4.542766762372395715e+29
3.944793261627604156e+29
3.890452413031170318e+29
4.127246803147099151e+29
4.024860461632220214e+29
3.704965179844033277e+29
3.259311000816532312e+29
3.088314506989311585e+29
2.671904772917566929e+29
2.106687433412363635e+29
2.137237161238341824e+29
2.291506861065494476e+29
1.875664614231826926e+29
1.205644250067348281e+29
1.040048036344562610e+29
1.179890940142063450e+29
9.634100710757998263e+28
7.984670449166977983e+28
6.144052886947623930e+28
4.739061446868529679e+28
3.900164359845164655e+28
3.667234322764306284e+28
2.409628098238896281e+28
2.820808686733146466e+28
1.818812699989648323e+28
4.273427875699994235e+27
3.238518320435889754e+27
3.138232494935750580e+27
2.350924740687669914e+27
2.271299856428475996e+27
1.573962954265667940e+27
1.599317842205325370e+27
1.251974647240334710e+27
9.765212760047198239e+26
9.561761323675389032e+26
5.603637016271377748e+26
3.526867908145396608e+26
2.865726263156246456e+26
1.963420452142727440e+26
1.193841045489393759e+26
3.316044972075399477e+25
3.630758587694805402e+25
1.948987878387733178e+25
1.145592821263243460e+25
4.714250397355187122e+24
1.286662310123797763e+25
4.403386660029716959e+25
4.712552868338064096e+25
