-3.029861132726711631e+08 -1.820844751607682109e+08
-2.812229472503718138e+08 -1.808293255024523437e+08
-2.587193171284908950e+08 -1.795843819993971288e+08
-2.359576861372095644e+08 -1.784588506451114118e+08
-2.128080845606156290e+08 -1.775661971737999022e+08
-1.894963753180476427e+08 -1.764901438551570773e+08
-1.656529889447302520e+08 -1.756247017804386318e+08
-1.417081358103736639e+08 -1.750705202804256976e+08
-1.170285423796631247e+08 -1.745511843624221087e+08
-9.174590253859557211e+07 -1.739711168435521424e+08
-6.626042426853572577e+07 -1.735914089209401309e+08
-4.060679683462419361e+07 -1.728748994985091984e+08
-1.496081561120714806e+07 -1.723889032110171914e+08
1.066553515470076911e+07 -1.723932373513182998e+08
3.628889835685235262e+07 -1.727489977735330164e+08
6.192503985300029069e+07 -1.731095658671271503e+08
8.736047913926552236e+07 -1.736469328228435516e+08
1.126455809983190894e+08 -1.738390580564323664e+08
1.374523525452713668e+08 -1.743718014832589328e+08
1.615318561385101974e+08 -1.749132601550046802e+08
1.851746880916733444e+08 -1.756831872003121972e+08
2.087982363824575245e+08 -1.765614123018062115e+08
2.318888433279190958e+08 -1.774462752594219148e+08
2.546356322111688256e+08 -1.783618885911444128e+08
2.771057583485968709e+08 -1.794645621976864636e+08
2.992172893395208716e+08 -1.807385688248038292e+08
3.207208427537587285e+08 -1.821844748372807801e+08
3.418416254661045074e+08 -1.838021049620322883e+08
3.623346783277977109e+08 -1.852307694734378457e+08
3.821709701119752526e+08 -1.868612053348723352e+08
4.015971246867772341e+08 -1.884929087563221455e+08
4.203345584916687012e+08 -1.903187927482569814e+08
4.385980977083336115e+08 -1.921632911123116016e+08
4.560824578273631930e+08 -1.942963140399048328e+08
4.729532441016576886e+08 -1.964337732701620162e+08
4.890020666723303795e+08 -1.986072376059463322e+08
