-2.842646300652613044e+08 2.257190567663941979e+08
-2.781057050213339925e+08 2.258682449233655930e+08
-2.721045939297530651e+08 2.262106890106548667e+08
-2.659432151338746250e+08 2.267159325977968276e+08
-2.599765639881682098e+08 2.270621838937900662e+08
-2.538270279085404575e+08 2.272383642666225731e+08
-2.476772071616105735e+08 2.275650776871523261e+08
-2.413751041564681530e+08 2.281135593973932862e+08
-2.354063566486472785e+08 2.283071715052936971e+08
-2.290834875402567387e+08 2.286697554391005933e+08
-2.227385436286584139e+08 2.290201640961381197e+08
-2.166194199056698680e+08 2.292369499796304405e+08
-2.102960361285371780e+08 2.294793779285740256e+08
-2.039559288745127916e+08 2.298710212720654607e+08
-1.976383040177418590e+08 2.301024220671485960e+08
-1.913542569795290232e+08 2.302956461325978041e+08
-1.848662948573329747e+08 2.306796474197844863e+08
-1.783898388140046299e+08 2.308940716184614301e+08
-1.720994429529877305e+08 2.309194654792150259e+08
-1.655784744571012259e+08 2.310656424021384716e+08
-1.592231147739580572e+08 2.312707502675487995e+08
-1.527339072379144728e+08 2.316149325004568696e+08
-1.462429092928214371e+08 2.317725964205288589e+08
-1.397031248157641888e+08 2.317640462599297762e+08
-1.266695713216784149e+08 2.320769468944435120e+08
-1.201702975543168038e+08 2.324305351222126186e+08
-1.138055689022942483e+08 2.324013627458720207e+08
-1.072976230933887959e+08 2.325418034673325419e+08
-1.006271580420674831e+08 2.327279768726700842e+08
-9.412862584301033616e+07 2.329101494559170604e+08
-8.744689474390977621e+07 2.332571974694149494e+08
-8.074218603252500296e+07 2.332672453469624817e+08
-7.404294320731347799e+07 2.334589408522517085e+08
-6.750492413845190406e+07 2.336381194517967701e+08
-6.082645743520163000e+07 2.336927697838095129e+08
-5.415003639366327226e+07 2.339022923745616972e+08
-4.728150856430971622e+07 2.339186838358253241e+08
-4.076666197347689420e+07 2.341309569576770067e+08
-3.389878719307541847e+07 2.341707218615221381e+08
-2.738855182472733408e+07 2.341876628774504066e+08
-2.071772349318451062e+07 2.343950347883502841e+08
-1.383576478462837450e+07 2.343888656794005036e+08
-4.796533829710740247e+05 2.342414279112809300e+08
6.362695729219105095e+06 2.342357546779702604e+08
1.286336702156936750e+07 2.342239497874308527e+08
1.972385076203022152e+07 2.341765795739742815e+08
2.640970121674029529e+07 2.341462621903241575e+08
3.295864210646438599e+07 2.341425331216805577e+08
3.978696212066008896e+07 2.339467989472609758e+08
4.627842248682484776e+07 2.339411418944797218e+08
5.315577757340393215e+07 2.339065565608204901e+08
5.986324702306105196e+07 2.337008170739116073e+08
6.637529557084840536e+07 2.336947162471499741e+08
7.306211584170864522e+07 2.335302332452699244e+08
7.993437370191031694e+07 2.337168797027022541e+08
8.665387289747664332e+07 2.337033415452587306e+08
9.319216105203622580e+07 2.335647026757147908e+08
9.968580159595657885e+07 2.333923380045410097e+08
1.062351195018064231e+08 2.334328963367046118e+08
1.127359602317211479e+08 2.332846892104531527e+08
1.192643710367135853e+08 2.329639785023831427e+08
1.259380745228463262e+08 2.329894300419324934e+08
1.324441840770901144e+08 2.328173750783030093e+08
1.387790129022097886e+08 2.326590690498116314e+08
1.452913564006756246e+08 2.324737317086480260e+08
1.519881047970569134e+08 2.321199449997410476e+08
1.582895231853826940e+08 2.319564808881640434e+08
1.646395005186912417e+08 2.319574498250992298e+08
1.774446224969885945e+08 2.313766100138261914e+08
1.839356702508403063e+08 2.311951199008972645e+08
1.904461743703586757e+08 2.309754474811637104e+08
1.967798313454552293e+08 2.305827677672525942e+08
2.030984654987529814e+08 2.303841957784663141e+08
2.094293602077146471e+08 2.303515152686668932e+08
2.157158065483024716e+08 2.301702193211619854e+08
2.218760072699560225e+08 2.297995439192783535e+08
2.282330019710738361e+08 2.296201155371827185e+08
2.345281254747942686e+08 2.294449383678931594e+08
2.405520579339001775e+08 2.290975996179055870e+08
2.467278732326598465e+08 2.289538648636147380e+08
2.528998197671600878e+08 2.286086658671393991e+08
2.592363729186809957e+08 2.284526488425422013e+08
2.713968922826334238e+08 2.275989466801981926e+08
2.773569825950838923e+08 2.274237074071352482e+08
2.833414337879413962e+08 2.270909781276175380e+08
2.893329645820565820e+08 2.265948650678012073e+08
2.954426791586498618e+08 2.262255881236340702e+08
3.012518569833014011e+08 2.258635143164504170e+08
3.072051102358833551e+08 2.255092251708358228e+08
3.129963308214950562e+08 2.251322612953304946e+08
3.189178318212631345e+08 2.245879210268839598e+08
3.248845638370782137e+08 2.241968894948988855e+08
3.306292074635239840e+08 2.237936712781645358e+08
3.364324479056782722e+08 2.234336049365234971e+08
3.420251092692955136e+08 2.230349413722761571e+08
3.478063293870965838e+08 2.226504986717736125e+08
3.533752485525165796e+08 2.221071946162295341e+08
3.589714119150641561e+08 2.217376320607127547e+08
3.647723731870231032e+08 2.215342550233515501e+08
3.701992025897027254e+08 2.210084168299216628e+08
3.757789096709895730e+08 2.206394854375345111e+08
3.812441759853033423e+08 2.201190299828813374e+08
3.865484829622675776e+08 2.197628875626078844e+08
3.920322215543000698e+08 2.192715697848990560e+08
3.974675763414673209e+08 2.189162695599332154e+08
4.027511876516410708e+08 2.183902953379380107e+08
4.080051677645881176e+08 2.180372334859478772e+08
4.132805748856520057e+08 2.173649913685271442e+08
4.185236502981141806e+08 2.168377111915519834e+08
4.236185814542650580e+08 2.163180722965129912e+08
4.339269855464369059e+08 2.152541382977179587e+08
4.389837824081372619e+08 2.146893994379848540e+08
4.440271463591656685e+08 2.141605256385789216e+08
4.489042659084051847e+08 2.135900012843348086e+08
4.537682928497849703e+08 2.130365998323352337e+08
4.586136255092805624e+08 2.124777784275450408e+08
4.634747864790300131e+08 2.118863346866137087e+08
4.683328957635924220e+08 2.111770830990966856e+08
4.730172599389922619e+08 2.107689150660652518e+08
4.776950019413244128e+08 2.102009536076183021e+08
4.823999264250934124e+08 2.096469812478225231e+08
4.869073849443179965e+08 2.091086947350839376e+08
4.914618275035134554e+08 2.085717021848510504e+08
4.959805720342112780e+08 2.078584256580020785e+08
5.003617331465656757e+08 2.073252777097615600e+08
5.049396149099596143e+08 2.067849249302353859e+08
5.093157675828288794e+08 2.061028151086234748e+08
5.135427172412015796e+08 2.055738662405912876e+08
5.177461855606719851e+08 2.048725340079728067e+08
5.221160830383467078e+08 2.041840032732429802e+08
5.261060117791781425e+08 2.036789408064695299e+08
5.303177869732548594e+08 2.029692691006574035e+08
5.342794783869341612e+08 2.022550719063656926e+08
5.382612324093536139e+08 2.017255963434492946e+08
5.424203934133479595e+08 2.009930863793883622e+08
5.460541919843261242e+08 2.002828240019881725e+08
5.499895429181773663e+08 1.997156086064446568e+08
5.537948504404622316e+08 1.989904400745926499e+08
5.573829024112164974e+08 1.982340683694072962e+08
5.613101892393825054e+08 1.976896413959008753e+08
5.649152145870643854e+08 1.969296694457265437e+08
5.682932642378156185e+08 1.960154842850402296e+08
5.718815617687816620e+08 1.954351104959604442e+08
5.754925204271512032e+08 1.947066298734412193e+08
5.787341351955049038e+08 1.939706945862222016e+08
5.819852727476226091e+08 1.934123887281147838e+08
5.852577263880870342e+08 1.927166981442797780e+08
5.885410347338354588e+08 1.919764149154601693e+08
5.918385721949390173e+08 1.912768435524842441e+08
5.949475491005786657e+08 1.905634487899055183e+08
5.980605874166744947e+08 1.898458099566638172e+08
6.010587960404064655e+08 1.889963768181856871e+08
6.067588934467359781e+08 1.875973989658481181e+08
6.096656756201683283e+08 1.867292526933162510e+08
6.125706214556437731e+08 1.860032676612074077e+08
6.151193500989223719e+08 1.853050749169390798e+08
6.178399758731918335e+08 1.845847334762038589e+08
6.204169851927707195e+08 1.836863180825766921e+08
6.229250607387294769e+08 1.829654156676469147e+08
6.254209165340062380e+08 1.822389481656909287e+08
6.277577238891835213e+08 1.814903075712006688e+08
6.302270050453679562e+08 1.806049146723416150e+08
6.325695736851490736e+08 1.798402514240820408e+08
6.346715226930286884e+08 1.791030166952108145e+08
6.368565092709238529e+08 1.783622188311915696e+08
6.387990997010706663e+08 1.775904024015097022e+08
6.409450835149351358e+08 1.768620319429896474e+08
6.429397292441701889e+08 1.759649095155470371e+08
6.449249387484121323e+08 1.752372914428626001e+08
6.467376452349485159e+08 1.743027287982178926e+08
6.485469977881339788e+08 1.735945036965107620e+08
6.502035015338816643e+08 1.728949519022877514e+08
6.519227596072367430e+08 1.719823012570294440e+08
6.534282926064248085e+08 1.712954543574116528e+08
6.551186900980606079e+08 1.705937743816088140e+08
6.564433259834885597e+08 1.695589388712542653e+08
6.579019140861344337e+08 1.688288986947807074e+08
6.591920890640791655e+08 1.679680778285314143e+08
6.605024260988006592e+08 1.672373182164726555e+08
6.617758202542572021e+08 1.665254300887328088e+08
6.629009798944902420e+08 1.654496539672008753e+08
6.640225858105067015e+08 1.647385642127923667e+08
6.650568179536676407e+08 1.640029757658229172e+08
6.661378022406365871e+08 1.634610971603500545e+08
6.670224523580485582e+08 1.629240226866418421e+08
