7.361707625128093958e+08 7.388468253824245930e+08
7.361731149996457100e+08 7.389157640078765154e+08
7.361806078125715256e+08 7.389192394850916862e+08
7.361586677741955519e+08 7.389128022056661844e+08
7.361121203686850071e+08 7.388725028094469309e+08
7.360988432131155729e+08 7.388499813179672956e+08
7.360462199733402729e+08 7.387729778830648661e+08
7.360003147095742226e+08 7.387301406374052763e+08
7.359753071484477520e+08 7.386867881255539656e+08
7.359236906041922569e+08 7.386584729631699324e+08
7.358976059768086672e+08 7.386332450556834936e+08
7.358633045466595888e+08 7.385981209561369419e+08
7.358656571868691444e+08 7.385603612965294123e+08
7.358881863375155926e+08 7.385872575751104355e+08
7.359296358602823019e+08 7.386149272465550900e+08
7.359591608121427298e+08 7.386603966555411816e+08
7.360220709293531179e+08 7.387110356606192589e+08
7.360817319238893986e+08 7.387694651973273754e+08
7.361348946807416677e+08 7.388078326858193874e+08
7.361732270581765175e+08 7.388851677140444517e+08
7.362199144811604023e+08 7.389491309422171116e+08
7.362796101333721876e+08 7.389982775334882736e+08
7.362761947353545427e+08 7.390128705159367323e+08
7.362967542789433002e+08 7.390661670984785557e+08
7.362982725583868027e+08 7.390600557300229073e+08
7.362942097488769293e+08 7.390554028863339424e+08
7.362906485462564230e+08 7.390357467341626883e+08
7.362616157865344286e+08 7.390370810556222200e+08
7.362125073834785223e+08 7.390098445214877129e+08
7.361841841232187748e+08 7.389261089917058945e+08
7.361411941294327974e+08 7.389066282943097353e+08
7.361061138145236969e+08 7.388241096597670317e+08
7.360522940813651085e+08 7.388051443451912403e+08
7.360045755581333637e+08 7.387598251596016884e+08
7.360112049737232924e+08 7.387215746457284689e+08
7.360144764457740784e+08 7.387182028876789808e+08
7.360110880507621765e+08 7.387298925612303019e+08
7.360350454554992914e+08 7.387109397623081207e+08
7.360624190099511147e+08 7.387586773998752832e+08
7.361021999144172668e+08 7.388239340585778952e+08
7.361780069731911421e+08 7.388420366743631363e+08
7.362275776355291605e+08 7.389104323998171091e+08
7.362834736440759897e+08 7.389622812318631411e+08
7.363065592220530510e+08 7.390358808700901270e+08
7.363505583466262817e+08 7.390999852751759291e+08
7.363888861351772547e+08 7.391276222194674015e+08
7.364258224798756838e+08 7.391821331119065285e+08
7.364252280538978577e+08 7.392154734951757193e+08
7.364137951382294893e+08 7.392063754853427410e+08
7.364079762930003405e+08 7.391942832955187559e+08
7.364006651390752792e+08 7.392035829079993963e+08
7.363851390409616232e+08 7.391619576723307371e+08
7.363312741139745712e+08 7.391527999318615198e+08
7.362910430048401356e+08 7.390976107022765875e+08
7.362378912014521360e+08 7.390595954113421440e+08
7.362212272657198906e+08 7.389980023435254097e+08
7.361864631466442347e+08 7.389775485332183838e+08
7.361571405884873867e+08 7.389127706333143711e+08
7.361382067170442343e+08 7.388918269831665754e+08
7.361139381534651518e+08 7.388754070349221230e+08
7.361467262053301334e+08 7.389034051435565948e+08
7.361475921609815359e+08 7.388908815090661049e+08
7.361676087652653456e+08 7.389183123495240211e+08
7.362310094289227724e+08 7.389788522648946047e+08
7.362824530770013332e+08 7.389968262622047663e+08
7.363431462546367645e+08 7.390355744096732140e+08
7.363864015570156574e+08 7.391354062054525614e+08
7.364377497236220837e+08 7.391854020872057676e+08
7.364696432068803310e+08 7.392412830386798382e+08
7.365161623724170923e+08 7.393013117767663002e+08
7.365311082476485968e+08 7.393330480880852938e+08
7.365463409650386572e+08 7.393518036892410517e+08
7.365470525170906782e+08 7.393747263712189198e+08
7.365442366765574217e+08 7.393659085216952562e+08
7.365235169982461929e+08 7.393591997012495995e+08
7.364926933261872530e+08 7.393175614517680407e+08
7.364666084282736778e+08 7.392824031937245131e+08
7.364303349848058224e+08 7.392476602981200218e+08
7.363997117931667566e+08 7.391808107962189913e+08
7.363332701748461723e+08 7.391592739211544991e+08
7.362999112639108896e+08 7.390934203741742373e+08
7.362739430462157726e+08 7.390596264614185095e+08
7.362599077064557076e+08 7.390473258406352997e+08
7.362562830295649767e+08 7.390213153897000551e+08
7.362597383945385218e+08 7.390136286243102551e+08
7.363004526696552038e+08 7.390580118996965885e+08
7.363447389646337032e+08 7.390513560790205002e+08
7.363728274866609573e+08 7.391110558267687559e+08
7.364292066696392298e+08 7.391717333419376612e+08
7.365074811654413939e+08 7.392337146960284710e+08
7.365414142310808897e+08 7.392773699013245106e+08
7.365975105028566122e+08 7.393600696976768970e+08
7.366506879492894411e+08 7.394245308708006144e+08
7.366645655448020697e+08 7.394452729628605843e+08
7.366945983456161022e+08 7.394962456070585251e+08
7.366875068978744745e+08 7.394910360101964474e+08
7.367099474821842909e+08 7.395076493775876760e+08
7.366982855523722172e+08 7.395300262818624973e+08
7.366839924512073994e+08 7.395139619051126242e+08
7.366546162892498970e+08 7.394741650110054016e+08
7.366137246687330008e+08 7.394387044332050085e+08
7.365635102387735844e+08 7.393961437409861088e+08
7.365374150839514732e+08 7.393694926011811495e+08
7.365070942507839203e+08 7.393035660554800034e+08
7.364750417185156345e+08 7.392607909648686647e+08
7.364535889897841215e+08 7.392194343426563740e+08
7.364253440467605591e+08 7.392001110306718349e+08
7.364236338478415012e+08 7.391822312999094725e+08
7.364343133517847061e+08 7.392108359713860750e+08
7.364896738085969687e+08 7.392369341054672003e+08
7.365339862112022638e+08 7.392813843297061920e+08
7.365861757222582102e+08 7.393156591780270338e+08
7.366382283304898739e+08 7.393708505623914003e+08
7.366927379776573181e+08 7.394343355562199354e+08
7.367348120914813280e+08 7.395221568070338964e+08
7.367840665025603771e+08 7.395608378095986843e+08
7.368267520752111673e+08 7.396115387937402725e+08
7.368399144679790735e+08 7.396587371445078850e+08
7.368439418199673891e+08 7.397025124368895292e+08
7.368482754115166664e+08 7.396922778417818546e+08
7.368339686768676043e+08 7.396904479679769278e+08
7.368262104491454363e+08 7.396488848549988270e+08
7.367913560341675282e+08 7.396457800068495274e+08
7.367881844033718109e+08 7.396067983903799057e+08
7.367241069724975824e+08 7.395795785346518755e+08
7.366725243489898443e+08 7.395140268481161594e+08
7.366222611017789841e+08 7.394806723951807022e+08
7.366044848084726334e+08 7.394251858231716156e+08
7.365702496862678528e+08 7.393855435098848343e+08
7.365444788229408264e+08 7.393634917714686394e+08
7.365510163321417570e+08 7.393627653123384714e+08
7.365450337411683798e+08 7.393519436409190893e+08
7.365741555101528168e+08 7.393603176369047165e+08
7.366044197150065899e+08 7.394101227285525799e+08
7.366389520268512964e+08 7.394380654637850523e+08
7.367027652165743113e+08 7.395058380908840895e+08
7.367720989988330603e+08 7.395713580173163414e+08
7.368467884640264511e+08 7.396236682079923153e+08
7.368884952026306391e+08 7.396702821257635355e+08
7.369214060947092772e+08 7.397454222134151459e+08
7.369539405350087881e+08 7.397995182427754402e+08
7.369640664166990519e+08 7.398069353194899559e+08
7.369932245596140623e+08 7.398617347632517815e+08
7.369773005645684004e+08 7.398424927336018085e+08
7.369848959366133213e+08 7.398512661559128761e+08
7.369593971823135614e+08 7.398478134194793701e+08
7.369368436428879499e+08 7.398212783092188835e+08
7.369022528929352760e+08 7.397818846048454046e+08
7.368552314156665802e+08 7.397358143857760429e+08
7.368128941243952513e+08 7.396891223833239079e+08
7.367740335127719641e+08 7.396580420061988831e+08
7.367300340045363903e+08 7.396124928166973591e+08
7.366921918145279884e+08 7.395728980334670544e+08
7.366995557850008011e+08 7.395424792210574150e+08
7.366860491246633530e+08 7.395314115414372683e+08
7.366812264915039539e+08 7.395385515559560061e+08
7.367290036938248873e+08 7.395389243405408859e+08
7.367638833788489103e+08 7.395544652530875206e+08
7.368113752478234768e+08 7.396038641976156235e+08
7.368657296407355070e+08 7.396747120642670393e+08
7.369097159755922556e+08 7.397188541625254154e+08
7.369539701833767891e+08 7.397805172468473911e+08
7.370147552637176514e+08 7.398359923735584021e+08
7.370684994534327984e+08 7.398944740521732569e+08
7.371137905432208776e+08 7.399424410374034643e+08
7.371225978461873531e+08 7.400112141749621630e+08
7.371387949793668985e+08 7.400369870956610441e+08
7.371413914708566666e+08 7.400425337404729128e+08
7.371458156792449951e+08 7.400439023066601753e+08
7.371058686277579069e+08 7.400163400774667263e+08
7.370984201628843546e+08 7.400004483579306602e+08
7.370396354901046753e+08 7.399581276982505322e+08
7.370046145300933123e+08 7.399199025109612942e+08
7.369684898474097252e+08 7.398524176675741673e+08
7.369430445536056757e+08 7.398075742723067999e+08
7.368975793182803392e+08 7.397664226533429623e+08
7.368464577839148045e+08 7.396882464081844091e+08
7.368250822562761307e+08 7.396915427249000072e+08
7.368753148615226746e+08 7.397121707960619926e+08
7.368966287746388912e+08 7.397404768631377220e+08
7.369587853293558359e+08 7.397880873842158318e+08
7.370297780205961466e+08 7.398424957093050480e+08
7.370821210533930063e+08 7.399107908051503897e+08
7.371357762959815264e+08 7.399685838115686178e+08
7.372000347480328083e+08 7.400454447644803524e+08
7.372247564025541544e+08 7.400859742940337658e+08
7.372486851606113911e+08 7.401427376133284569e+08
7.372655582307384014e+08 7.401670593899300098e+08
7.372822486086969376e+08 7.402002165099449158e+08
7.372926802946863174e+08 7.402033157672373056e+08
7.372735767600859404e+08 7.401991641210470200e+08
7.372604091003527641e+08 7.401805938021818399e+08
7.372148568796284199e+08 7.401677341583372355e+08
7.371951377648034096e+08 7.401289457114293575e+08
7.371616065082194805e+08 7.400753532544602156e+08
7.371389019909809828e+08 7.400260440559060574e+08
7.370757694279428720e+08 7.399765678193938732e+08
7.370239292259491682e+08 7.399436042823609114e+08
7.370230260981127024e+08 7.399043718698332310e+08
7.370100326025211811e+08 7.398779333054611683e+08
7.369918632181764841e+08 7.398641420318357944e+08
7.369994836590586901e+08 7.398618961632293463e+08
7.370211120950038433e+08 7.398973547855837345e+08
7.370579684214304686e+08 7.399136326272195578e+08
7.371107356106741428e+08 7.399717132235618830e+08
