1.616037899512480544e+30
1.977931081457949770e+30
2.100542619685871483e+30
2.094031787992743953e+30
2.859200564085224121e+30
4.565046394872018200e+30
5.828437634861323676e+30
8.145514491861176120e+30
1.147590051465332495e+31
1.434358352250471789e+31
1.787888112890189487e+31
1.935173191210935086e+31
2.008596297817725574e+31
2.341452163458512788e+31
2.456911662797754773e+31
2.458328950193174050e+31
2.661012362722298594e+31
2.559762855686643109e+31
2.339447205391392855e+31
2.573516810629978553e+31
2.591914510849389655e+31
2.477941026276413234e+31
2.536903808620389854e+31
2.288251017445741974e+31
1.918920887706568637e+31
2.071665878496999200e+31
1.992321877489930075e+31
1.764714766735157369e+31
1.710598372367596242e+31
1.489212898472728004e+31
1.261912701476209902e+31
1.312281761045235470e+31
1.270732332935710556e+31
1.195484209656988232e+31
1.195617207205023099e+31
