1.073016348938377470e+29
3.869948462116698659e+29
6.817807704062755771e+29
1.094913842414456303e+30
1.441954173117434189e+30
1.686129197960892927e+30
1.914828843075091100e+30
2.059487817315993988e+30
2.032360116333030550e+30
2.125999143013729718e+30
2.757647956801001245e+30
3.018089662213222807e+30
3.134335071809288613e+30
3.168495883745074517e+30
3.515643856564619510e+30
3.577245146924063475e+30
3.757454629948204927e+30
4.249242039357379871e+30
4.322774752777744898e+30
4.498943142368987674e+30
4.407914715152509449e+30
4.402988240972198554e+30
4.264144427431261299e+30
4.185742001798467374e+30
4.145612203116809004e+30
3.922421122819600394e+30
3.714847987950542839e+30
3.576606456292277435e+30
3.386149237737849132e+30
3.119387665816721995e+30
2.882257219424286073e+30
2.468306853618423531e+30
2.211233274827062973e+30
1.853137715978946541e+30
1.610228532002544497e+30
1.410452723932896763e+30
1.254043059623240588e+30
1.167802619375133590e+30
1.089184135893392444e+30
1.070307045262671662e+30
nan
nan
1.029092656733538174e+30
1.004031771922004612e+30
1.059857150159829561e+30
1.310027304592301830e+30
1.872049331708271080e+30
2.716461965963751293e+30
4.003275730265940124e+30
5.725100196806472838e+30
8.135440093526249160e+30
1.119309822280957663e+31
1.553605553987633593e+31
2.097396940132630581e+31
2.615158417142066594e+31
3.246606597034281692e+31
4.152050486361755980e+31
5.050550553285286839e+31
6.068174061863731712e+31
7.156823939344774123e+31
8.543802776204608611e+31
1.004442144505770062e+32
1.156719745913864317e+32
1.283185579292609178e+32
nan
1.496239358637037398e+32
1.556928175517862047e+32
1.583692730344298761e+32
1.616315265367465970e+32
1.643823132796915962e+32
1.654195858329131391e+32
1.698693396510656685e+32
1.756868945349343690e+32
1.820791191410979492e+32
1.893503407284847266e+32
1.935266604718251118e+32
1.948921437350016096e+32
nan
1.885129167454596376e+32
1.823317477226231217e+32
1.731765223678599232e+32
1.618725900088452063e+32
1.534892855387226317e+32
1.481307204039225467e+32
1.418122423726558108e+32
1.366325784122584995e+32
1.305545884471267686e+32
1.231508663551825515e+32
1.142517129971564473e+32
nan
9.171655415043395489e+31
8.067093256665501191e+31
6.927463879818036134e+31
5.985631396430324241e+31
5.157758560388223855e+31
nan
4.009679045877069578e+31
3.620545237675404635e+31
3.288215450905457537e+31
2.972792787669370245e+31
2.744660171395174779e+31
2.550175845118468189e+31
2.398816014466195199e+31
2.283042453515727645e+31
2.210613541971445357e+31
2.183572582055969251e+31
2.203045301090163503e+31
2.291998330984683085e+31
2.413994098656228913e+31
2.589010147966596190e+31
2.852686098892826715e+31
3.022640343396297751e+31
3.211791295994879012e+31
3.462626321848144277e+31
3.558002950923546767e+31
nan
3.520808162060485020e+31
nan
3.750388317898080011e+31
3.953597877600936808e+31
4.256545660394447594e+31
4.607111596090480694e+31
4.933451223975239501e+31
5.143958469521015553e+31
5.286749576968529815e+31
nan
5.376473153501771229e+31
5.433433943245534992e+31
5.413076654536842613e+31
5.525014175083830952e+31
5.499133262234687609e+31
5.590083660481999370e+31
5.732955241986358350e+31
5.755518052695121594e+31
5.791143631566528098e+31
5.827926806600959520e+31
5.764211661685552811e+31
5.639707606793765163e+31
5.479581204346653841e+31
5.290709519203234737e+31
5.142370401794907750e+31
5.026584200415064542e+31
5.049687710959578965e+31
5.064496940689970427e+31
5.229245645715220623e+31
5.384769498775773118e+31
5.439674478659843504e+31
nan
5.413165383494479084e+31
5.488588760251872455e+31
5.385817415504904911e+31
5.509521115965831240e+31
5.549397829107514214e+31
5.561658254042764264e+31
5.546877270601337660e+31
5.482898182956430329e+31
5.582194489196016354e+31
5.678838149618335774e+31
5.714476134306791200e+31
5.723430276206826467e+31
5.668686596306774574e+31
nan
nan
5.041331248461115321e+31
4.974790984454383716e+31
4.863125575039950928e+31
4.742733115931401701e+31
4.702671164970395501e+31
4.799854766775288385e+31
4.941001828805982671e+31
4.970196992060888699e+31
4.951236564425980665e+31
4.889078701448158287e+31
4.830294251303002122e+31
4.606335533635259229e+31
4.602387009260374211e+31
4.521877024294213343e+31
nan
4.291733261540833332e+31
4.227485622297728275e+31
nan
3.881642235364713053e+31
3.731762696288778410e+31
3.467258519609603376e+31
3.315582436542004154e+31
3.144009408183202527e+31
2.958605568990892120e+31
2.809739805043555180e+31
2.732552979417776543e+31
2.620975111514862411e+31
2.519429456055852520e+31
2.577817422355794684e+31
2.460274288873025513e+31
2.379448880455148055e+31
2.315382087363507284e+31
2.188219477552683398e+31
1.962012627524562329e+31
1.775688941746167520e+31
1.654981485333020350e+31
nan
1.301510701065445183e+31
1.111147471042402370e+31
9.873651363270312184e+30
nan
8.483529970810383548e+30
7.101565031176200120e+30
6.425736223393122023e+30
5.721529437515898338e+30
4.432512198512569204e+30
3.472947826250427727e+30
