1.203532210508540800e+17
1.634369377933802880e+17
2.454550654027220160e+17
3.708539510291258240e+17
5.387541785840558080e+17
7.150649701969548800e+17
9.068902703504742400e+17
1.105295531562482432e+18
1.329182350638491904e+18
1.522428241275888640e+18
1.679855636603198208e+18
1.763956238416382464e+18
1.818866638771805184e+18
1.850225155336659456e+18
1.878261459279989504e+18
1.886594087221272576e+18
1.823840326844600576e+18
1.720278677469719296e+18
1.572907103455973888e+18
1.422103181527710720e+18
1.303316192522821120e+18
1.190817772766859264e+18
1.065419136059778560e+18
9.192502407588933120e+17
7.890513972777811200e+17
6.953965920474547200e+17
6.562538722425465600e+17
6.534817925771377920e+17
6.738148272219627520e+17
6.895478214807266560e+17
7.078036133303883520e+17
7.297573798409015040e+17
7.729328061255907840e+17
8.460586282957373440e+17
9.718776548683115520e+17
9.956296665100838400e+17
1.042281066907156480e+18
1.115655998380397312e+18
1.211650671558420736e+18
1.271390342835850496e+18
1.312047993746513408e+18
1.342490570494505472e+18
1.371251367070950144e+18
1.404788924157318400e+18
1.428744738887155200e+18
1.448766048490980352e+18
1.433481983691339776e+18
1.428916974291660544e+18
1.420528026767732224e+18
1.470568270934306048e+18
1.503478733464129792e+18
1.544498816428308480e+18
1.570368317851487744e+18
1.593038042166004992e+18
1.617780590741492992e+18
1.647667257364434944e+18
1.655720700466979328e+18
1.636263192790361856e+18
1.604448699778881792e+18
1.545399392290481664e+18
1.547508609617179904e+18
1.567898568774669568e+18
1.612893884956715776e+18
1.632599003913185280e+18
1.632691257650334720e+18
1.615014778639488000e+18
1.603003790007617792e+18
1.579375837023041536e+18
1.569885188081384704e+18
1.513304908446797312e+18
1.478193549616090880e+18
1.461829756171043072e+18
1.434928631757388032e+18
1.458538962438587392e+18
1.473021847152275712e+18
1.464342278486966016e+18
1.450827749724910592e+18
1.422299184590270720e+18
1.399980507949720576e+18
1.360348464513271296e+18
1.333429609556085504e+18
1.308705094627790080e+18
