-2.920042697454597354e+08 -1.813911596324346662e+08
-2.698944327886851430e+08 -1.799550989973168373e+08
-2.473294841075359285e+08 -1.790458198121908903e+08
-2.243710828627417088e+08 -1.781018977572306395e+08
-2.012353184933397174e+08 -1.770475106752570570e+08
-1.775820729193688035e+08 -1.761492502156368196e+08
-1.537553996776971817e+08 -1.752683180584937334e+08
-1.296207626188113093e+08 -1.747173179273876846e+08
-1.043814860729578584e+08 -1.741718725968251824e+08
-7.893081217129817605e+07 -1.737849149436136782e+08
-5.343886891471110284e+07 -1.732556268730885684e+08
-2.781141432823325694e+07 -1.727296239978692532e+08
-2.140949259138087276e+06 -1.723770795940447152e+08
2.347924111852983758e+07 -1.725714294030294716e+08
4.910498935968016833e+07 -1.729242955962798595e+08
7.475266648256160319e+07 -1.734731649133330286e+08
1.000015775567969084e+08 -1.738136608894086182e+08
1.253343538683998287e+08 -1.740336077010192871e+08
1.495791628595666587e+08 -1.745777045417098403e+08
1.734401247497141361e+08 -1.751148511909053326e+08
1.969037660262837112e+08 -1.760168906790618598e+08
2.203394158108251691e+08 -1.770716019795895815e+08
2.432491703729303479e+08 -1.779883862558106184e+08
2.660436512646933794e+08 -1.789003321567998230e+08
2.881667353862017989e+08 -1.800168739445888698e+08
3.100702486913526654e+08 -1.812747880305406749e+08
3.311885462494453192e+08 -1.829283594228045642e+08
3.520666043782809377e+08 -1.843350453595894873e+08
3.724144621877602935e+08 -1.861336338429484665e+08
3.919638462082709074e+08 -1.875790928042395413e+08
4.110877677116968632e+08 -1.892321973980676532e+08
4.295622198870312572e+08 -1.912538014946477711e+08
4.474429579951246381e+08 -1.933999343724332154e+08
4.646970571811686754e+08 -1.955509652781244814e+08
4.808892345172165036e+08 -1.975254137280929983e+08
