-4.827917171246613264e+08 2.081810805871177316e+08
-4.641636221633024216e+08 2.104609598703407347e+08
-4.445696422076336145e+08 2.125086936231997907e+08
-4.243166204624105096e+08 2.146454075971258879e+08
-4.034170038344151378e+08 2.167414781831189096e+08
-3.818674097469779849e+08 2.185077992183090150e+08
-3.596711837598879337e+08 2.207164239764650166e+08
-3.371672936929259896e+08 2.222748249152263105e+08
-3.139455494707384109e+08 2.237682144723071754e+08
-2.900583722806895971e+08 2.251801445399750471e+08
-2.659432151338746250e+08 2.267159325977968276e+08
-2.413751041564681530e+08 2.281135593973932862e+08
-2.166194199056698680e+08 2.292369499796304405e+08
-1.913542569795290232e+08 2.302956461325978041e+08
-1.655784744571012259e+08 2.310656424021384716e+08
-1.397031248157641888e+08 2.317640462599297762e+08
-1.138055689022942483e+08 2.324013627458720207e+08
-8.744689474390977621e+07 2.332571974694149494e+08
-6.082645743520163000e+07 2.336927697838095129e+08
-3.389878719307541847e+07 2.341707218615221381e+08
-7.172695572127459571e+06 2.344210109736042321e+08
1.972385076203022152e+07 2.341765795739742815e+08
4.627842248682484776e+07 2.339411418944797218e+08
7.306211584170864522e+07 2.335302332452699244e+08
9.968580159595657885e+07 2.333923380045410097e+08
