-1.656529889447302520e+08 -1.756247017804386318e+08
-1.296207626188113093e+08 -1.747173179273876846e+08
-9.174590253859557211e+07 -1.739711168435521424e+08
-5.343886891471110284e+07 -1.732556268730885684e+08
-1.496081561120714806e+07 -1.723889032110171914e+08
2.347924111852983758e+07 -1.725714294030294716e+08
6.192503985300029069e+07 -1.731095658671271503e+08
1.000015775567969084e+08 -1.738136608894086182e+08
1.374523525452713668e+08 -1.743718014832589328e+08
1.734401247497141361e+08 -1.751148511909053326e+08
2.087982363824575245e+08 -1.765614123018062115e+08
2.432491703729303479e+08 -1.779883862558106184e+08
