3.133964999999999534e+06
3.259323000000000000e+06
3.445140799999999814e+06
3.626799399999999907e+06
3.761184999999999534e+06
3.877824700000000186e+06
3.963366299999999348e+06
4.102596300000000745e+06
4.399585500000000000e+06
4.853615400000000373e+06
5.551596399999999441e+06
6.243585499999999069e+06
6.798882200000000186e+06
7.677027900000001304e+06
8.555777000000000000e+06
9.497645499999998137e+06
1.054963679999999702e+07
1.135153109999999963e+07
1.205508539999999851e+07
1.270140599999999627e+07
1.359152580000000075e+07
1.419951400000000000e+07
1.471638080000000261e+07
1.484380269999999739e+07
1.502683730000000075e+07
1.530373780000000075e+07
1.586474200000000000e+07
1.656389759999999963e+07
1.692426780000000447e+07
1.712664559999999776e+07
1.713839630000000075e+07
1.730487899999999627e+07
1.773504599999999627e+07
1.801353709999999776e+07
1.806949819999999925e+07
1.766492739999999851e+07
1.721167369999999925e+07
1.687354140000000224e+07
1.726102240000000224e+07
1.758244880000000075e+07
1.782944180000000075e+07
1.760640210000000149e+07
1.737375940000000224e+07
1.717261639999999851e+07
1.715499610000000149e+07
1.715867169999999553e+07
1.631224680000000075e+07
1.544494979999999702e+07
1.505121639999999665e+07
1.511649810000000335e+07
1.542624570000000484e+07
1.535476259999999963e+07
1.512382280000000261e+07
1.477415359999999776e+07
1.447987040000000037e+07
1.424246449999999814e+07
1.394978519999999925e+07
1.365077890000000037e+07
1.309639940000000037e+07
1.267013930000000075e+07
1.223621030000000261e+07
1.230567120000000298e+07
1.220901370000000112e+07
1.218031740000000224e+07
1.203473350000000000e+07
1.186862359999999963e+07
1.170853939999999851e+07
1.159419589999999851e+07
1.134313590000000224e+07
1.090133559999999776e+07
1.040930909999999963e+07
9.777607900000000373e+06
9.515706800000002608e+06
9.363759199999999255e+06
9.321467200000001118e+06
9.130733199999999255e+06
8.831743599999999627e+06
8.467370900000000373e+06
8.133543400000000373e+06
7.751602000000000000e+06
7.442280900000000373e+06
6.684755400000000373e+06
6.284922999999999069e+06
5.963513600000001490e+06
5.614764900000000373e+06
5.449160499999999069e+06
5.231447099999999627e+06
4.944224000000000931e+06
4.631214100000000559e+06
4.296142899999999441e+06
4.000414900000000373e+06
3.661217399999999907e+06
3.370393899999999907e+06
3.082062299999999814e+06
